/*--------------------------------*- C++ -*----------------------------------*\
| =========                 |                                                 |
| \\      /  F ield         | OpenFOAM: The Open Source CFD Toolbox           |
|  \\    /   O peration     | Version:  2.0.1                                 |
|   \\  /    A nd           | Web:      www.OpenFOAM.COM                      |
|    \\/     M anipulation  |                                                 |
\*---------------------------------------------------------------------------*/
 
FoamFile
{
    version         2.0;
    format          ascii;
    class           labelList;
    note     "nPoints: 4000 nCells: 3762 nFaces: 13285 nInternalFaces: 5525";
    location       "constant/polyMesh";
    object          neighbour;
}
 
// * * * * * * * * * * * * * * * * * * * * * * * * * * * * * * * * * * * * * //
 
5525
(
1155
1162
1174
562
1453
1697
18
1555
1561
315
1287
1291
1936
1946
1964
2401
2402
2439
285
287
1234
3253
3421
3423
298
301
1235
896
3610
1410
1416
2261
1029
1045
1517
3522
3523
3529
300
1256
1262
268
1109
1245
787
3173
3413
1222
1224
1228
1760
1988
1995
996
1020
1411
1423
1433
298
302
1234
1466
1682
1727
1859
1860
1862
1628
1629
1636
475
1916
498
2029
2222
1035
1512
1521
1217
1300
1302
102
2225
2230
312
316
1259
1492
1495
1502
1360
1399
1400
348
352
1295
2355
2360
3297
2352
2387
3296
740
3192
3245
2709
2739
2748
726
2431
2461
2886
3033
3038
737
2993
3235
142
2704
2943
728
2452
2462
3019
3029
3068
721
2716
2737
3090
3103
3137
184
3076
3081
904
3140
3153
715
2894
2896
3047
3049
3050
182
2892
2895
74
1201
1318
1140
1145
825
880
3628
3634
3635
766
3015
3027
228
952
1004
1596
1633
1634
384
1019
1022
248
1015
1027
938
1009
1072
72
1040
1053
232
949
1016
1011
1044
1519
257
260
1070
383
1505
1526
282
1124
1128
278
1129
278
290
1160
279
1154
1163
1374
1384
2348
327
1173
1222
271
306
1057
1052
1510
1168
1169
1170
1194
1310
351
1412
1422
553
558
2291
1362
1369
1376
332
334
1294
1383
2340
2347
523
2208
2211
547
1442
1447
557
1428
1431
1267
1279
1283
1702
1710
1711
2004
2012
2013
360
1276
1499
1474
1484
1485
389
391
403
395
1533
1539
483
486
1832
99
1531
1557
1012
1015
1026
233
238
970
234
954
965
407
409
1655
244
970
1547
1603
1604
1641
1642
1801
1553
1560
396
398
1682
431
432
436
489
2221
1929
1986
1988
118
1705
1751
1461
1488
1489
1748
1753
1977
433
1724
1734
1737
1976
1977
418
1471
1718
466
1849
1897
394
1831
1833
461
1864
1876
451
1778
1779
1823
1853
1871
459
1835
1866
1841
1857
1867
444
1616
1627
1759
1949
2038
2053
2054
1914
1956
1957
2031
2034
2045
1905
1920
472
1847
1910
509
511
2025
2041
2053
512
2060
1359
2298
2303
138
150
2347
139
2178
2180
2003
2011
2211
505
2032
2224
2191
2195
2198
2079
2121
2136
333
1297
1358
538
2208
2248
578
617
813
573
619
2325
573
2346
624
2166
661
2504
2551
1384
2338
2339
2945
2976
2399
3281
3282
2692
2696
2702
3259
3277
3278
587
2380
2499
220
2406
3277
586
2371
2375
635
651
2617
581
2342
579
634
2538
613
625
2118
633
2520
2532
2753
2766
2772
2676
2679
2683
649
653
2484
2602
2612
2619
174
2718
2901
2937
2947
2952
181
2885
3035
170
2810
2830
707
2730
2782
2713
2937
2950
166
2902
2906
2810
2819
2831
172
2891
172
2846
2908
2715
2725
2736
181
3020
3046
2819
2820
2717
2719
2900
2852
196
2978
3203
2899
2913
708
2911
2962
2961
2965
3007
3143
3145
3208
714
744
3017
190
3085
3217
914
3128
3134
2896
2893
2896
3004
3017
3070
3016
3064
758
775
3134
917
3705
3737
927
3740
3755
713
3033
3039
3661
3663
3673
3145
3219
741
742
798
227
3144
3159
778
792
3195
2920
2955
2959
722
2990
2991
2986
3229
199
3319
3340
592
801
3281
3331
3339
2384
2385
2393
338
1371
1378
1333
1374
1390
217
3498
3499
593
2391
3291
858
3337
3371
218
589
806
217
3372
3478
209
1139
1146
1157
1178
863
3351
3354
212
861
3536
215
3547
3490
3493
3499
3505
3535
3537
3533
3540
3540
3547
3492
803
830
871
3514
3552
735
3240
3457
3563
3568
902
3159
3668
3147
3187
3209
3556
3558
3631
3635
3649
902
3659
3667
3148
3659
382
1002
984
992
1546
933
962
251
1008
1020
1071
1075
955
974
932
963
960
962
960
238
955
963
934
959
970
244
1578
971
974
975
935
967
987
955
965
971
974
965
968
980
932
956
251
254
256
1025
1070
1550
1551
1567
937
995
996
253
1523
1528
1538
1014
1529
949
1014
944
953
1008
1073
265
1066
1011
1501
1505
262
1049
1086
1015
1067
946
997
1006
263
1087
1013
1060
1081
1083
1071
1083
1057
1059
1090
1045
1048
1063
1094
1107
1493
1499
1503
1056
1062
1091
273
1092
1095
1110
370
1099
1094
1110
344
1236
1238
1230
1238
1239
322
1131
1172
1130
1132
1135
1130
1132
1160
294
1113
1114
1232
1233
288
1122
1128
1119
1124
1233
312
1218
1114
1118
1126
1111
1112
1123
1230
1155
1176
1206
1131
1167
321
1210
1211
1125
1159
1164
320
1258
1287
1095
1210
1225
1227
1221
1298
1307
316
1234
1235
1109
1099
1101
366
1269
1245
1262
1095
1112
1039
1051
1057
364
377
1037
1031
1516
1519
307
1247
1043
1249
1093
1105
1250
1235
1241
1258
1289
1432
1433
1240
1254
1257
319
318
328
346
565
1423
1432
318
1281
1258
1301
1304
1305
320
350
1304
1259
1171
1309
324
1214
1175
1215
1311
1177
1213
329
1294
1309
1211
1213
1296
1223
1298
349
356
1297
1308
336
1312
1356
1293
1405
1420
1292
1297
1313
1354
1295
1415
1362
1363
1380
1212
1314
574
818
1368
1370
1383
518
2192
2204
1404
1414
2300
1347
1350
1351
818
819
1203
345
353
1217
1115
1301
348
1299
350
1305
1295
1299
1307
1417
351
1300
1259
353
1417
1421
555
1418
1420
1421
1270
1278
1279
1288
1411
1705
1713
1746
1462
1463
1473
1431
1434
1437
563
1271
1463
1477
1540
1523
1524
1543
1033
1506
1520
1510
1513
372
1276
1278
1241
1286
1261
1276
1498
1253
1264
1265
1266
1272
1273
1243
1247
1268
1282
1284
1253
1272
1456
1474
1487
1485
1504
1518
1454
1495
1509
1486
1487
1494
378
1515
1497
1498
392
1600
1615
986
1564
1565
1548
1549
1550
1003
1005
1524
1545
1016
1025
1547
1551
1611
1580
1588
1594
981
1583
1586
406
1591
1593
1548
1584
1587
1631
1632
1549
1601
444
1630
1481
1554
1605
1785
1832
1530
1535
1467
1483
422
1603
1606
1466
1675
1613
1614
1620
1575
1585
1631
428
1480
1536
416
1465
1483
1587
1602
1662
1787
1795
1635
1636
1646
1596
1629
421
1656
1597
1612
1617
1639
1640
1601
1611
1614
413
1616
1639
1598
1599
1602
414
1612
1657
1672
1465
1467
1610
1482
1539
1468
1477
1683
1462
1463
1460
1695
1701
436
1668
1712
1657
1661
428
1622
1468
1682
1683
1684
1689
1721
1659
1660
1793
1620
1624
1626
1665
1679
1788
1676
1728
1729
1735
1666
1669
1731
549
1685
1732
1767
1773
1955
1726
1728
1729
480
1766
1961
1722
1822
1826
1836
440
1623
1660
1776
1781
1799
1624
1673
1662
1778
1783
1867
1874
1879
1780
1798
1799
1599
449
1651
1805
1653
1655
1802
450
1802
1803
1650
1801
1811
1650
1804
1652
1815
1829
1834
1777
1856
1857
1731
1768
1770
468
1851
1887
467
1834
1835
1813
1818
1826
1652
1776
1837
1829
1835
1838
467
1897
1858
1870
1871
1870
1875
1877
1878
1869
1872
1881
1893
1894
469
1895
1900
1891
1893
1849
472
1892
1896
1882
1884
1891
475
482
1903
1890
1932
1933
1937
485
1846
1957
1915
1909
1913
1758
1759
1767
1917
1920
486
1765
1971
1963
1968
1766
1767
1966
1912
1916
1730
1785
1664
1786
1791
1954
1970
1844
1964
1965
1969
1958
1960
1961
2224
2236
1707
1755
1984
1408
2262
2277
538
2244
2258
2028
2029
2030
2044
2046
2047
1738
1744
1745
1931
1935
501
1945
1986
504
1992
1926
1990
2046
1924
1928
1933
1941
1942
1924
1927
2023
2056
2028
2032
1993
2036
2209
2248
2257
2004
2061
2074
2014
2075
2076
2018
2059
511
512
2070
2061
613
2106
2114
515
2064
2137
2077
2081
2077
2136
2137
2077
2086
2109
2199
2250
2060
2066
2033
2035
2036
2230
2231
2243
1996
2022
2216
540
2213
2011
2208
2218
2210
2212
2213
2186
2308
2329
2065
2066
2128
2142
2143
2149
2145
2252
2317
2151
2202
2203
535
2196
2320
541
571
2310
2145
2213
2253
2312
2313
2321
2314
2323
2209
2247
2265
1406
2245
2301
540
540
541
2256
2145
2240
2241
2243
2242
2276
2297
2285
2286
2287
1703
1757
2269
2223
2239
2269
1450
2293
551
1736
1746
1705
1759
1448
2281
2287
561
1704
1446
2238
2271
559
1425
2242
2263
2296
1419
1426
1441
2284
2288
1283
1430
2296
2297
566
2297
562
1492
1493
1686
1700
1452
1436
1438
1280
1428
1432
1429
2291
1409
1413
1407
1410
1427
1292
1405
1415
1402
1403
2316
1364
1397
1399
2252
2316
1380
1393
2307
2344
1317
1342
1376
1377
2327
2325
2344
2345
1382
2346
2347
2350
2357
2161
2533
612
2356
2518
619
620
2373
2374
2376
2353
2368
2515
616
2353
2362
612
2176
2335
588
2388
596
2385
2390
3291
800
3386
592
2399
2400
739
2407
2430
2407
599
3294
610
727
2443
726
2430
2448
602
603
2380
2388
2503
2441
2442
2446
3323
3324
2365
2516
2517
2358
2367
2373
604
2393
665
2500
2398
2500
2486
2487
2682
2418
2426
2453
2478
2673
2685
2441
2444
2479
647
653
2674
2430
2432
2672
2687
2688
614
2103
2173
2519
2116
2119
2161
2521
2523
2360
2362
620
622
2342
2188
624
2092
2121
2151
2174
2179
2175
2178
2183
2179
638
2119
2177
2182
2183
632
2173
2532
2363
2513
2514
664
2496
2510
2601
2610
2616
643
2370
2517
2520
2521
641
2524
2119
2577
2616
2619
2580
2583
2598
2080
2082
2087
2103
2589
2535
2571
2581
2578
2579
2593
2542
2545
2508
2531
2575
2509
2526
2571
2572
2580
2570
2580
2587
649
2670
2681
655
2626
2548
2558
2561
652
2562
2568
2625
2602
2627
2669
2673
676
2620
2667
2623
2633
2451
2473
2477
673
2621
2623
2476
2478
2481
2644
2651
2653
2485
2493
2563
2483
2487
668
2480
2680
2673
2674
2688
2372
2509
2499
2504
2383
2438
2483
2444
2478
2486
2447
2481
727
2447
2449
678
2683
2684
735
739
2414
2465
2472
2689
2631
2635
687
689
2747
2650
2652
2677
2646
2668
2639
2693
2694
2475
2663
2707
2710
2744
2640
2642
2653
685
2750
2757
2620
2631
2637
685
2660
2758
2761
2762
2746
725
2709
2712
2752
2762
2424
2712
2931
2755
2761
2755
2765
2768
2769
2787
2789
2731
2782
2843
2715
2716
2916
2770
2789
2799
2805
2807
699
2851
2904
2838
2844
2845
2848
2849
2860
2845
2853
2730
2783
2846
2852
2853
2796
2805
2806
705
2917
2925
2720
2754
2786
2722
2918
730
2911
2958
2725
2735
2897
2912
710
749
2859
2895
3037
712
2822
2827
2825
2831
2878
2890
3003
3023
3020
3030
721
2916
2958
2727
2842
2851
2899
2963
3024
3014
3066
3078
2978
3000
3222
2915
2975
2979
2470
2474
2661
731
2954
2973
2713
2927
2414
2448
2425
2454
2950
2951
2952
2959
2970
2953
2977
3147
3160
3166
2974
2983
3000
2408
2418
2420
2415
2413
2991
3232
3190
3233
3256
3402
3404
2406
2413
3237
3174
3189
3193
3194
3640
3654
3657
3021
3025
3074
3090
3100
2960
2999
3000
2955
2973
2974
3033
3048
3062
2861
2888
765
3089
3097
2835
2883
2889
3051
3061
3062
2878
2882
2889
763
768
3096
769
3040
3019
3068
3072
3106
3109
3113
772
774
3080
3086
3087
3076
3080
3120
891
3695
3696
3091
3092
3100
3111
3094
3097
3056
3095
3016
3065
915
3135
3142
3089
3108
3034
3044
3120
3133
3141
3086
3133
3134
3066
3086
891
914
3126
795
3084
781
3084
3253
3258
3409
3173
3174
3623
3168
3185
3598
3599
3626
3614
3616
3617
914
3083
785
3250
3252
3402
3415
3417
3429
3441
3444
3245
3246
3409
3410
3418
797
3407
796
2408
3239
801
2406
3262
792
3194
3196
3176
3181
3657
3186
3167
3181
3182
3005
3206
3220
3079
3139
3241
3242
3177
3408
3179
3194
3190
3196
3234
3272
3327
3273
3319
3321
3332
3377
3385
3383
3397
3398
3267
3270
3281
824
3327
840
3385
3386
3290
3295
3307
822
3300
3306
2371
3289
3295
3320
3338
3340
1187
1199
1331
2351
3297
818
1382
1383
1372
1378
1385
1338
3344
3359
3309
3311
3315
1336
1370
1188
1198
1323
1182
1196
1327
3308
3346
1339
3342
3354
2397
3334
3520
3552
1339
3315
3318
1181
1191
1196
3321
3323
3334
831
3371
3479
3333
3373
833
3331
843
3458
3467
3373
3473
853
3377
3472
837
3267
3269
838
3380
3458
3270
3398
3379
3390
3280
3283
3284
856
3390
842
3392
3394
3387
3393
3456
3460
3380
3381
3467
3388
3468
3469
3430
3464
3468
3400
3403
3430
3422
3462
3463
3255
3275
3404
900
3412
3431
3577
3589
3591
855
3454
3455
854
3385
3470
3475
3452
3513
857
3475
3382
3458
3366
3374
3341
3366
3368
3347
3350
3355
3490
3538
3477
3481
3509
3352
3368
1140
1148
3534
3542
3545
1197
3483
3488
3489
3504
3538
872
3494
3533
3378
3506
3508
3514
3515
3516
3550
3553
877
3529
875
878
878
3376
3525
3525
3548
3544
3547
3541
3549
879
3551
883
3560
3378
3472
3515
3452
3455
3555
3521
3561
3448
3557
3567
3456
3467
3469
3554
3555
3562
3420
3445
3462
3384
3416
3584
3581
3631
3634
3604
3615
3125
3107
3108
3109
3627
3639
3677
896
3607
901
3613
3621
3678
3587
3592
3436
3439
3647
3662
3673
3675
3433
3648
3620
3667
3620
3665
3668
3669
3131
3154
907
3608
3671
3156
3670
3695
3620
3668
3683
3743
3745
910
3109
3117
920
3712
3156
3157
3664
3606
3614
3617
916
3127
3129
3121
3141
3122
3700
3118
3707
3126
3692
3700
3717
3718
3720
922
3715
3723
3724
3736
3107
3110
3616
3697
3738
3739
3746
3748
928
929
3722
3713
3717
3734
929
3747
930
3735
3737
3747
932
933
963
959
962
950
958
942
943
951
1006
1007
948
949
1069
1074
943
945
1002
948
1006
1009
987
1002
946
947
953
952
948
954
968
958
953
956
957
958
961
961
968
978
999
985
998
1001
999
1001
982
983
1571
976
976
980
1571
977
1579
1589
977
1574
1570
1578
982
986
1550
1565
1566
982
983
1568
1564
989
993
1000
1565
998
1003
1546
1558
1563
1000
1562
992
1558
1561
1552
1554
1558
994
1004
1005
996
1007
1008
1068
1004
1007
999
1005
1003
1068
1060
1066
1079
1527
1028
1067
1028
1046
1019
1017
1070
1071
1024
1025
1525
1021
1555
1023
1529
1023
1525
1528
1027
1524
1032
1527
1526
1032
1034
1048
1035
1040
1045
1034
1517
1044
1486
1516
1044
1520
1249
1260
1264
1041
1508
1049
1054
1089
1043
1053
1042
1511
1512
1063
1065
1052
1048
1049
1086
1089
1051
1053
1065
1055
1260
1063
1064
1058
1062
1058
1059
1067
1087
1088
1064
1065
1085
1073
1075
1080
1076
1074
1076
1081
1077
1080
1083
1085
1084
1087
1082
1082
1085
1088
1091
1092
1096
1101
1243
1102
1099
1105
1107
1108
1103
1107
1244
1101
1104
1108
1240
1250
1105
1106
1108
1110
1118
1237
1114
1126
1220
1239
1117
1118
1230
1122
1127
1164
1125
1228
1229
1164
1166
1231
1232
1233
1127
1165
1167
1155
1136
1137
1180
1189
1191
1136
1154
1142
1157
1139
1145
1142
1144
1144
1180
1181
1195
1200
1318
1184
1147
1147
1189
1180
1152
3543
1196
1198
1202
3531
3543
3545
1181
1182
1184
1153
1184
1185
3531
1161
1178
1179
1195
1161
1170
1172
1177
1168
1226
1162
1205
1163
1174
1166
1168
1169
1172
1227
1173
1225
1228
1209
1212
1214
1214
1215
1210
1190
1193
1205
3362
1201
1316
1334
3362
3500
1197
3361
3486
1325
1328
1190
1200
1190
1198
1193
1194
1195
1208
1204
3363
1321
1335
1320
1319
1326
1329
1316
1330
1207
1208
1209
1208
1209
1215
1315
1308
1213
1220
1222
1298
1303
1236
1237
1221
1302
1303
1221
1306
1309
1231
1232
1229
1227
1229
1239
1304
1238
1256
1262
1246
1247
1255
1248
1245
1256
1248
1254
1250
1251
1255
1265
1254
1255
1266
1261
1269
1273
1513
1515
1284
1285
1291
1514
1266
1270
1274
1280
1283
1282
1272
1277
1278
1274
1282
1277
1279
1430
1439
1285
1288
1290
1286
1289
1287
1433
1290
1291
1360
1359
1401
1306
1312
1313
1303
1305
1302
1307
1313
1315
1319
1314
1351
1354
1349
1351
1317
1343
1322
1343
1322
1324
1325
1345
1334
1324
1326
1335
1344
1331
1329
3364
1338
1373
3485
1336
1337
1332
1338
3360
1340
3301
1337
1337
1345
3349
1373
3310
1345
1371
1372
1350
1369
1350
1372
1375
1363
1367
1369
1349
1367
1352
1366
1367
1352
1356
1354
1355
1356
1357
1358
1366
1395
1364
1404
1364
1392
1396
1399
1389
1365
1366
1393
1376
1382
1371
1375
1379
1379
2344
2346
2338
1385
1381
1388
1389
1385
1390
2349
2350
2336
2337
2348
2306
2309
2327
2348
2174
2334
2343
1394
1398
1395
1402
2193
1397
1397
2305
1400
1403
1405
1403
2303
2318
1420
2249
2261
1412
1413
2249
2276
1410
2276
1422
1426
1424
1416
1418
1421
1427
1419
1419
1424
1425
1425
1427
1429
1445
1434
1443
1439
2282
2288
2289
1440
2284
1447
2289
1439
1441
1448
1493
2289
1444
1445
1445
1447
2293
2295
2270
2274
1453
1696
1702
1709
2270
2282
2275
2286
2288
1455
1459
1699
1490
1491
1457
1495
1479
1489
1491
1695
1489
1684
1693
1695
1697
1461
1693
1491
1688
1625
1677
1679
1530
1663
1680
1470
1668
1718
1723
1476
1483
1683
1723
1476
1532
1544
1475
1500
1479
1479
1689
1482
1544
1500
1522
1540
1610
1678
1604
1606
1542
1500
1541
1486
1488
1490
1507
1503
1506
1507
1507
1509
1511
1503
1508
1499
1518
1519
1508
1509
1505
1541
1521
1512
1521
1514
1515
1518
1520
1541
1545
1525
1527
1533
1557
1608
1533
1535
1543
1545
1536
1605
1609
1553
1606
1555
1557
1560
1542
1543
1542
1544
1562
1559
1568
1551
1559
1604
1607
1556
1560
1561
1563
1566
1567
1568
1567
1572
1585
1590
1573
1574
1573
1582
1583
1583
1582
1595
1600
1578
1581
1591
1592
1594
1582
1592
1593
1588
1589
1586
1587
1586
1594
1592
1595
1595
1633
1636
1601
1602
1612
1616
1632
1629
1613
1607
1609
1609
1610
1613
1617
1631
1632
1672
1624
1672
1673
1622
1625
1626
1622
1667
1678
1680
1626
1677
1676
1637
1640
1630
1638
1637
1635
1643
1642
1642
1644
1657
1653
1653
1803
1645
1646
1647
1648
1649
1648
1651
1801
1651
1805
1807
1799
1775
1780
1781
1798
1659
1780
1794
1796
1797
1661
1794
1673
1796
1670
1681
1785
1787
1666
1790
1671
1671
1679
1716
1670
1674
1729
1674
1681
1680
1681
1678
1782
1690
1712
1713
1691
1713
1693
1700
1706
1689
1719
1691
1700
1721
1708
1714
1749
1696
1701
1708
1697
1708
1709
1739
1702
2281
1706
2235
2273
1706
1714
1745
1761
1710
1738
2280
2285
1720
1736
1739
1747
1749
1722
1725
1723
1725
1727
1720
1720
1721
1733
1728
1733
1726
1727
1765
1784
1735
1733
1763
1763
1769
1773
1748
1750
1947
1743
1745
1743
1744
1756
1743
2235
2280
1994
1995
2226
1755
1751
1761
1977
1749
1753
1979
1753
1950
1980
1981
1982
1986
1987
1943
1760
2227
1989
2223
1766
1906
1943
1976
1769
1972
1975
1966
1970
1972
1973
1771
1790
1791
1955
1772
1773
1772
1973
1784
1830
1849
1896
1783
1793
1829
1814
1840
1828
1781
1783
1788
1792
1791
1789
1795
1831
1789
1790
1794
1797
1796
1797
1802
1803
1811
1813
1806
1809
1806
1808
1810
1809
1820
1816
1819
1816
1819
1827
1855
1815
1822
1837
1822
1818
1820
1821
1825
1827
1825
1862
1824
1860
1836
1855
1859
1827
1831
1848
1833
1848
1845
1843
1848
1856
1838
1840
1852
1853
1857
1841
1866
1899
1901
1902
1845
1892
1850
1883
1889
1850
1971
1850
1887
1888
1874
1875
1856
1858
1860
1865
1859
1864
1862
1865
1864
1865
1898
1872
1894
1897
1898
1879
1877
1875
1898
1879
1880
1880
1880
1894
1885
1900
1889
1902
1893
1886
1888
1902
1899
1901
1909
1895
1901
1896
1900
1914
1958
1956
1958
1959
1921
1922
1968
1969
1911
1919
1953
1922
1946
1952
1910
1957
1920
1952
1919
1960
1914
1915
1918
1918
1919
1935
1934
1927
1938
2048
1939
1939
1940
1945
1929
1944
1931
1945
1932
1934
1935
1932
1940
1936
1951
1950
1951
1944
2046
1944
1941
1950
1980
1982
1987
1948
1978
1981
1952
1962
1969
1979
1981
1960
1963
1956
1967
1973
1967
1974
1974
1963
1965
1978
1968
1975
1972
1971
1975
1985
1979
1985
1983
1984
1985
1987
1991
2226
2234
1991
2030
1994
2220
2222
2024
2221
2029
2227
2214
2232
1998
2024
2037
2022
2071
2214
2221
2230
2006
2008
2009
2216
2217
2219
2127
2129
2135
2012
2014
2010
2144
2146
2212
2017
2020
2019
2039
2056
2010
2013
2218
2246
2073
2013
2075
2133
2063
2078
2129
2020
2069
2073
2026
2219
2069
2070
2057
2072
2027
2027
2071
2072
2217
2025
2054
2214
2027
2217
2034
2042
2033
2050
2035
2053
2035
2038
2038
2067
2055
2068
2043
2045
2051
2050
2044
2045
2044
2049
2048
2049
2052
2052
2055
2067
2058
2058
2059
2062
2062
2065
2064
2081
2135
2075
2080
2068
2071
2072
2074
2074
2128
2130
2088
2089
2109
2111
2085
2084
2128
2087
2088
2126
2126
2132
2089
2090
2090
2091
2108
2115
2120
2094
2108
2104
2111
2097
2098
2107
2101
2103
2594
2100
2110
2113
2114
2124
2102
2112
2106
2106
2110
2139
2154
2169
2112
2125
2109
2123
2115
2114
2118
2156
2123
2157
2159
2120
2123
2125
2157
2122
2138
2153
2155
2125
2153
2129
2132
2134
2132
2140
2134
2141
2146
2144
2210
2140
2141
2149
2143
2149
2202
2164
2167
2144
2199
2191
2206
2205
2250
2186
2194
2195
2165
2185
2203
2158
2159
2168
2164
2153
2154
2155
2156
2164
2158
2158
2160
2162
2170
2172
2171
2172
2172
2525
2533
2191
2202
2188
2189
2180
2201
2169
2175
2178
2171
2182
2176
2525
2177
2182
2525
2335
2183
2189
2189
2200
2201
2200
2328
2329
2187
2200
2324
2195
2329
2328
2308
2309
2324
2196
2251
2312
2319
2198
2323
2207
2253
2255
2317
2207
2205
2203
2206
2207
2206
2246
2211
2253
2232
2247
2260
2247
2248
2246
2224
2228
2226
2228
2236
2241
2234
2229
2236
2238
2232
2267
2243
2263
2267
2235
2270
2279
2294
2239
2274
2263
2292
2271
2277
2257
2264
2299
2311
2299
2251
2255
2318
2314
2315
2319
2320
2258
2302
2265
2311
2262
2265
2266
2266
2267
2300
2264
2299
2277
2272
2273
2286
2272
2279
2275
2280
2283
2283
2290
2295
2296
2292
2285
2283
2287
2292
2294
2295
2294
2301
2310
2301
2310
2311
2316
2322
2323
2324
2307
2312
2313
2322
2313
2330
2331
2321
2317
2320
2319
2322
2326
2328
2330
2331
2345
2345
2334
2335
2356
2357
2362
2518
2336
2339
2349
2356
2340
2343
2341
2342
2343
2357
2351
3309
3290
3300
2364
2494
2549
2553
3298
3303
2359
3296
2361
2368
2364
2364
3299
2515
2523
2367
2368
2369
2527
2546
2370
2512
2517
2374
2377
2376
2378
2386
2509
2378
2503
2377
2386
2510
2488
2549
2559
2381
2385
2389
2394
2396
2398
2445
2482
3293
3294
2387
3295
2391
2391
3294
3289
3292
2394
3268
3293
2394
3272
3325
3330
2401
3284
3285
3328
2438
2404
2432
2436
3280
2404
3282
3386
3389
3390
2440
3265
3280
3282
2432
3260
2422
2429
2457
2412
2988
3237
2417
3237
3245
2421
2428
2988
2426
2418
3240
2428
2429
2459
2421
3244
2420
2423
3242
2427
2422
2423
2455
2929
2935
2457
2458
2450
2453
2455
2936
2456
2435
2448
2443
2446
2447
2453
2454
2463
2449
2451
2440
2443
2438
2439
2445
2442
2442
2445
2482
2479
2477
2461
2463
2460
2466
2691
2462
2457
2458
2469
2466
2469
2944
2464
2472
2472
2470
2465
2473
2678
2470
2468
2639
2662
2699
2696
2934
2934
2657
2692
2697
2683
2689
2690
2678
2690
2480
2688
2680
2481
2687
2487
2500
2685
2686
2488
2490
2685
2491
2491
2501
2505
2492
2501
2498
2493
2551
2550
2496
2511
2512
2530
2534
2528
2498
2502
2511
2549
2505
2504
2505
2507
2507
2507
2510
2511
2541
2554
2526
2516
2527
2522
2542
2516
2519
2521
2522
2523
2535
2547
2528
2543
2530
2548
2557
2615
2552
2534
2557
2537
2537
2556
2536
2538
2539
2538
2577
2579
2544
2545
2573
2575
2586
2544
2544
2546
2547
2556
2571
2553
2565
2681
2682
2553
2557
2556
2573
2586
2599
2610
2566
2618
2561
2563
2561
2566
2569
2565
2567
2567
2568
2608
2609
2670
2600
2569
2605
2608
2572
2586
2573
2614
2615
2616
2614
2577
2589
2593
2583
2592
2581
2583
2587
2588
2597
2597
2599
2611
2592
2598
2599
2598
2591
2593
2595
2596
2594
2595
2596
2608
2612
2611
2617
2603
2613
2605
2609
2628
2609
2613
2628
2629
2669
2614
2613
2618
2619
2621
2675
2636
2645
2671
2627
2629
2632
2669
2670
2627
2630
2632
2634
2634
2635
2648
2650
2645
2652
2666
2693
2661
2651
2643
2647
2656
2758
2651
2655
2695
2646
2650
2649
2649
2665
2665
2658
2697
2698
2708
2656
2664
2665
2659
2695
2659
2660
2698
2706
2700
2664
2695
2668
2677
2693
2677
2694
2676
2684
2684
2672
2674
2675
2676
2689
2680
2687
2686
2686
2694
2696
2700
2699
2930
2706
2700
2705
2708
2929
2930
2942
2710
2749
2929
2941
2944
2706
2746
2745
2752
2933
2744
2712
2927
2928
2938
2931
2743
2755
2766
2719
2738
2911
2916
2903
2909
2728
2722
2926
2733
2737
2786
2737
2736
2738
2788
2756
2780
2731
2728
2900
2914
2843
2914
2731
2778
2842
2843
2777
2778
2782
2783
2738
2787
2770
2775
2788
2736
2775
2742
2927
2754
2922
2926
2743
2753
2922
2922
2928
2748
2747
2749
2751
2749
2748
2760
2763
2752
2757
2785
2785
2773
2784
2759
2760
2763
2764
2765
2764
2767
2768
2771
2784
2786
2774
2772
2780
2781
2789
2776
2776
2777
2797
2783
2802
2784
2785
2788
2792
2840
2841
2792
2795
2841
2799
2830
2837
2848
2795
2836
2837
2798
2799
2838
2802
2803
2807
2809
2803
2804
2806
2803
2838
2839
2804
2809
2817
2836
2862
2812
2818
2816
2833
2815
2823
2826
2818
2826
2832
2818
2821
2821
2833
2821
2836
2826
2828
2824
2829
2862
2868
2865
2866
2829
2865
2860
2832
2833
2860
2862
2875
2877
2880
2847
2842
2845
2844
2855
2847
2853
2855
2857
2874
2859
2863
2851
2909
2910
2905
2858
2907
2908
2857
2891
2893
2908
2858
2874
2873
2863
2876
2875
2866
2868
2880
2867
2870
2870
2871
2870
2879
2875
2877
2879
2883
2874
2892
2877
2881
3041
2880
2889
2890
2884
3043
2884
2887
2895
2888
3037
3036
3037
2890
2894
2907
2907
2902
2899
2963
2962
2971
2972
2912
3022
3024
3011
2906
3026
2905
2909
2906
2913
2914
2913
2918
2957
2921
2954
2919
2956
2957
2957
2958
2923
2953
2924
2938
2925
2928
2926
2933
2939
2933
2935
2941
2942
2943
2976
2987
2939
2950
2946
2948
2981
2982
2942
2946
2976
2975
2980
2947
2980
2949
3235
2952
2989
2953
2981
2956
2956
2968
2968
2969
3003
3018
2970
2971
3001
3002
3005
2971
3002
2967
2969
2972
2997
3001
2974
2970
3002
2983
2987
2981
2985
2984
2989
2993
2989
2986
2995
2984
2985
2986
2992
2992
2993
3233
2992
3193
3234
3251
3198
3235
3186
3196
3236
2999
3215
3188
3203
3226
3213
3006
3024
3010
3071
3007
3206
3223
3008
3010
3018
3011
3026
3031
3220
3032
3014
3021
3070
3019
3020
3027
3067
3045
3050
3072
3018
3029
3023
3026
3025
3031
3046
3036
3045
3047
3030
3032
3032
3039
3054
3045
3046
3038
3048
3041
3041
3043
3044
3055
3057
3052
3052
3053
3075
3065
3053
3058
3053
3057
3062
3094
3060
3061
3063
3060
3092
3065
3075
3077
3088
3063
3095
3077
3090
3087
3068
3069
3073
3087
3078
3085
3218
3073
3081
3077
3093
3093
3137
3079
3218
3081
3139
3217
3218
3125
3157
3131
3220
3091
3098
3098
3115
3093
3095
3097
3106
3123
3704
3709
3116
3102
3116
3136
3104
3124
3136
3142
3117
3708
3708
3712
3718
3108
3111
3112
3714
3112
3115
3117
3119
3124
3135
3116
3722
3734
3123
3699
3138
3127
3699
3126
3128
3706
3709
3156
3698
3130
3130
3141
3133
3139
3140
3143
3155
3136
3138
3142
3205
3149
3151
3162
3205
3221
3225
3226
3184
3162
3662
3150
3151
3204
3208
3155
3153
3154
3158
3164
3157
3164
3163
3664
3669
3162
3184
3166
3662
3663
3164
3669
3167
3169
3187
3169
3661
3179
3181
3663
3656
3657
3661
3651
3652
3653
3174
3180
3652
3177
3600
3622
3633
3180
3654
3189
3189
3193
3238
3180
3185
3201
3188
3200
3227
3204
3195
3230
3201
3225
3236
3192
3232
3251
3252
3199
3199
3200
3201
3228
3236
3227
3211
3204
3209
3214
3229
3217
3219
3210
3216
3223
3212
3211
3221
3224
3225
3214
3216
3222
3224
3221
3223
3224
3219
3226
3230
3229
3230
3232
3233
3234
3251
3408
3257
3264
3260
3247
3257
3244
3247
3249
3258
3248
3248
3254
3248
3254
3409
3254
3410
3408
3402
3259
3405
3258
3276
3276
3263
3264
3263
3395
3398
3274
3277
3274
3278
3271
3279
3279
3391
3394
3279
3288
3326
3393
3394
3273
3283
3391
3389
3274
3276
3278
3325
3288
3293
3323
3321
3322
3324
3288
3325
3326
3307
3338
3324
3320
3322
3299
3311
3299
3305
3305
3309
3313
3303
3304
3318
3311
3305
3306
3317
3320
3342
3352
3313
3344
3313
3343
3347
3365
3483
3489
3343
3343
3349
3355
3318
3342
3322
3328
3328
3330
3379
3389
3391
3332
3333
3334
3337
3340
3341
3349
3354
3357
3339
3346
3371
3345
3347
3346
3352
3482
3486
3501
3356
3361
3353
3367
3357
3483
3358
3359
3487
3358
3363
3360
3485
3363
3364
3501
3367
3497
3370
3369
3491
3491
3496
3372
3492
3374
3375
3479
3377
3471
3495
3526
3510
3392
3392
3387
3469
3454
3512
3395
3400
3425
3434
3399
3399
3400
3397
3405
3403
3405
3406
3399
3403
3419
3463
3406
3415
3410
3411
3412
3418
3413
3648
3437
3583
3584
3419
3424
3441
3421
3427
3423
3422
3443
3465
3426
3429
3432
3426
3427
3426
3432
3429
3444
3571
3573
3465
3432
3436
3646
3647
3436
3437
3583
3585
3595
3439
3596
3597
3634
3582
3624
3632
3633
3578
3575
3578
3584
3450
3464
3462
3569
3571
3459
3464
3468
3559
3574
3576
3450
3459
3451
3558
3572
3570
3557
3570
3565
3461
3466
3567
3460
3461
3466
3556
3557
3466
3461
3465
3515
3517
3472
3476
3480
3481
3512
3513
3517
3512
3480
3510
3478
3524
3528
3481
3509
3500
3503
3485
3487
3501
3487
3489
3503
3497
3492
3498
3533
3498
3532
3507
3508
3497
3499
3502
3530
3535
3504
3530
3534
3546
3514
3550
3522
3524
3511
3511
3511
3518
3519
3521
3519
3519
3561
3553
3552
3525
3548
3549
3528
3550
3551
3551
3553
3532
3532
3537
3542
3542
3539
3544
3539
3539
3541
3546
3566
3568
3564
3559
3566
3565
3563
3564
3566
3568
3570
3572
3577
3574
3578
3579
3577
3579
3580
3589
3591
3583
3587
3585
3588
3585
3630
3602
3626
3638
3593
3594
3596
3590
3592
3592
3595
3595
3629
3619
3638
3601
3601
3619
3624
3607
3610
3613
3681
3609
3609
3612
3613
3608
3615
3618
3621
3621
3612
3666
3674
3675
3683
3743
3695
3671
3676
3680
3637
3637
3645
3648
3651
3640
3645
3655
3638
3676
3629
3636
3632
3631
3647
3636
3642
3642
3639
3643
3643
3652
3654
3655
3644
3656
3645
3650
3649
3651
3653
3653
3655
3658
3660
3677
3675
3673
3679
3670
3670
3671
3667
3681
3676
3677
3679
3679
3680
3680
3681
3693
3694
3744
3742
3687
3691
3748
3738
3744
3753
3688
3699
3706
3744
3749
3698
3703
3693
3700
3701
3702
3703
3741
3693
3702
3694
3696
3697
3697
3701
3702
3721
3705
3707
3706
3713
3709
3715
3716
3720
3714
3715
3725
3720
3718
3719
3727
3724
3724
3729
3737
3740
3733
3733
3734
3727
3729
3730
3759
3730
3732
3758
3760
3732
3756
3757
3736
3735
3757
3756
3742
3749
3741
3748
3751
3751
3755
3754
3752
3751
3753
3753
3755
3758
3760
3761
)

// ************************************************************************* //
